501
502
502
501
501
501
502
501
500
501
501
500
502
501
500
500
500
500
501
501
502
503
501
502
503
502
502
503
503
502
502
503
502
503
503
501
502
503
504
504
503
502
502
503
502
501
503
502
504
503
504
504
504
502
501
503
504
503
504
505
502
503
504
506
502
502
505
503
504
505
503
502
503
504
504
504
506
503
506
504
505
504
505
504
506
505
504
506
506
504
506
504
508
504
505
505
504
502
506
506
504
506
505
505
506
507
506
503
507
505
506
505
506
505
505
505
505
505
506
507
507
507
507
506
507
507
508
508
508
507
506
506
508
508
508
508
508
509
509
508
507
508
508
508
509
507
508
510
508
509
509
508
508
509
510
510
508
508
505
507
507
508
508
510
507
508
508
511
510
509
508
509
508
509
507
509
509
509
509
508
509
509
509
508
508
